Proc: 1, 4.493410
Proc: 3, 4.498713
Sum: 1324455390
Proc: 0, 4.668616
Proc: 2, 4.668581
Job complete
